0.122063 -0.058007 0.087443 -0.035733 0.035373 -0.014748 0.006049 -0.007822 0.005893 0.003378 0.042658 0.028146 0.100588 -0.062631 0.084233 -0.038935 0.031454 -0.016369 0.002948 -0.009272 0.001676 0.000907 0.037049 0.029073 
-0.003034 0.001459 0.002769 -0.010346 0.014356 -0.030495 0.024127 -0.050868 0.010996 -0.030611 0.000260 -0.012663 -0.002525 0.001514 0.002244 -0.010290 0.013224 -0.030477 0.019649 -0.050081 0.009978 -0.030096 -0.000078 -0.012035 
0.001953 -0.063042 0.002062 -0.034856 0.001309 -0.010242 0.000623 0.000586 0.000588 0.009760 0.001495 0.032947 0.000760 -0.060165 0.001793 -0.032593 0.001166 -0.009478 0.000599 0.000717 0.000326 0.008628 0.000352 0.030637 
-0.019603 0.008966 -0.031230 0.014466 -0.027770 0.015138 -0.012879 0.010223 0.000486 0.002935 -0.001687 -0.001735 -0.017183 0.008223 -0.033458 0.014757 -0.029743 0.015332 -0.011824 0.009237 -0.000150 0.002465 -0.001751 -0.001701 
-0.000160 -0.000047 -0.000066 -0.000056 0.000008 -0.000042 0.000071 -0.000037 -0.000005 -0.000023 -0.000091 0.000001 -0.000105 -0.000055 -0.000028 -0.000065 0.000046 -0.000033 0.000095 -0.000034 0.000046 -0.000032 -0.000060 0.000003 
0.001489 0.002992 0.013284 -0.012006 0.054525 -0.027128 0.107398 -0.037911 0.062133 -0.028762 0.017043 -0.016571 0.001352 0.002544 0.009300 -0.012779 0.049675 -0.033489 0.089643 -0.052087 0.058843 -0.035284 0.016703 -0.016828 
-0.000910 0.004135 -0.023182 0.023774 -0.081056 0.066594 -0.135427 0.105515 -0.057742 0.050620 -0.011014 0.013440 -0.001373 0.004174 -0.020929 0.022919 -0.073770 0.065466 -0.107410 0.104373 -0.050796 0.049665 -0.009092 0.010777 
-0.004496 -0.003033 -0.000102 0.010390 0.011047 0.033270 0.022950 0.060378 0.012134 0.039215 0.001211 0.016377 -0.003352 -0.002548 -0.000213 0.009664 0.009061 0.031200 0.017126 0.057471 0.011193 0.036780 0.001080 0.014895 
0.002190 0.000115 -0.006011 0.000618 -0.029429 0.000435 -0.053032 0.000922 -0.030515 0.001300 -0.007961 0.000390 0.000959 0.000025 -0.006040 0.000665 -0.030914 0.001230 -0.051648 0.002241 -0.033812 0.001775 -0.009059 0.000196 
0.011378 0.009489 0.007713 0.006437 0.003245 0.003033 0.000577 0.000373 0.001553 -0.002090 0.005929 -0.005589 0.010886 0.009761 0.008731 0.006486 0.003794 0.002878 0.000848 0.000406 0.001981 -0.001888 0.006778 -0.005523 
0.122982 0.092016 0.049609 0.048759 0.007708 0.011498 0.001833 -0.006962 0.022967 -0.027972 0.077768 -0.062729 0.095801 0.107033 0.041077 0.051526 0.004987 0.011299 -0.000313 -0.007172 0.018652 -0.029551 0.069124 -0.070809 
0.000062 0.001077 -0.003803 0.012759 -0.020724 0.034438 -0.045093 0.056931 -0.028454 0.034833 -0.009349 0.012052 0.000310 0.001225 -0.002831 0.011523 -0.019178 0.033359 -0.037100 0.056941 -0.027125 0.034245 -0.008819 0.010491 
0.006914 -0.009908 0.010709 -0.031416 0.034644 -0.085995 0.063481 -0.141522 0.027052 -0.067698 0.007647 -0.013688 0.005297 -0.009352 0.005941 -0.028521 0.026906 -0.082871 0.045268 -0.139403 0.023117 -0.065462 0.007607 -0.012565 
0.019153 0.049573 0.006020 0.014650 0.000548 -0.004816 0.002358 -0.029850 0.011824 -0.057584 0.022649 -0.069983 0.013507 0.046526 0.005126 0.013063 0.000872 -0.006084 0.001543 -0.028343 0.009574 -0.056508 0.019004 -0.068895 
0.003210 0.003341 0.003825 0.026712 0.004605 0.086198 0.007101 0.148374 0.003573 0.071374 0.003515 0.017281 0.002526 0.003284 0.001611 0.024583 -0.000633 0.079418 -0.000648 0.138936 -0.000924 0.067139 0.002498 0.016898 
0.006228 -0.022645 -0.002215 -0.005700 -0.004871 0.005952 -0.001764 0.019586 0.006837 0.028589 0.011288 0.030859 0.004563 -0.021862 -0.002532 -0.005171 -0.004967 0.005863 -0.001084 0.017949 0.006546 0.027931 0.010377 0.030876 
-0.020497 -0.008291 -0.036572 -0.015012 -0.039429 -0.018902 -0.025473 -0.016784 -0.006201 -0.007614 -0.004543 -0.000433 -0.018973 -0.008427 -0.040975 -0.016122 -0.043516 -0.020668 -0.023030 -0.016903 -0.006195 -0.007356 -0.004243 -0.000130 
-0.050716 -0.044625 -0.027147 -0.026033 -0.006735 -0.008512 0.001673 0.000285 -0.004750 0.008707 -0.025676 0.025935 -0.042597 -0.046029 -0.026253 -0.026003 -0.006554 -0.008071 0.000628 0.000039 -0.004554 0.007781 -0.024028 0.025484 
0.000239 0.001056 0.001227 -0.003198 0.007583 -0.007951 0.015499 -0.012372 0.012311 -0.008783 0.006023 -0.004567 0.000650 0.000852 0.001828 -0.003110 0.008928 -0.008150 0.015149 -0.013099 0.014211 -0.009167 0.007022 -0.004399 
0.030550 0.020428 0.002691 0.005795 0.001893 -0.008871 0.027561 -0.020423 0.052970 -0.022934 0.055256 -0.022710 0.024621 0.021476 0.001780 0.004971 0.000318 -0.009410 0.020765 -0.022360 0.052680 -0.028506 0.056501 -0.028719 
-0.008213 -0.024934 -0.003786 -0.037504 -0.000650 -0.039092 -0.000748 -0.027574 -0.003622 -0.008162 -0.007124 0.005455 -0.006314 -0.023520 -0.003371 -0.036825 -0.000870 -0.037942 -0.001086 -0.025542 -0.003528 -0.007969 -0.006452 0.005605 
0.095174 -0.001458 0.045039 0.000127 0.011631 0.000904 0.005014 0.002915 0.024534 0.004220 0.063434 0.003188 0.090884 -0.003613 0.046321 -0.001026 0.011405 -0.000102 0.004449 0.002182 0.023820 0.003743 0.069174 0.004824 
-0.048916 0.035440 -0.078474 0.040506 -0.079661 0.031849 -0.050761 0.017989 -0.017343 0.001558 -0.017229 -0.013897 -0.039911 0.036468 -0.078090 0.044804 -0.078771 0.036808 -0.041925 0.020057 -0.016994 0.003171 -0.017070 -0.013274 
0.000642 0.000278 -0.002405 0.003440 -0.008230 0.008574 -0.013024 0.013650 -0.007610 0.008510 -0.001985 0.003134 -0.000107 0.000112 -0.002854 0.003243 -0.009151 0.008685 -0.012226 0.014206 -0.008441 0.008774 -0.002597 0.003175 
-0.014401 0.057513 -0.023379 0.098943 -0.014716 0.095332 -0.000469 0.054995 0.004751 0.013981 -0.000823 -0.010132 -0.015964 0.051865 -0.025731 0.094741 -0.016795 0.091917 -0.001141 0.051407 0.004290 0.014569 -0.002694 -0.009711 
-0.023978 0.018909 -0.003838 0.002890 -0.003035 -0.004708 -0.020003 -0.015349 -0.038279 -0.024879 -0.040772 -0.029349 -0.021091 0.018855 -0.004537 0.003312 -0.003214 -0.004524 -0.016349 -0.015270 -0.038065 -0.026510 -0.041775 -0.031198 
0.023798 -0.007054 0.034531 -0.008098 0.030218 -0.007284 0.015273 -0.006811 -0.000324 -0.002612 0.002443 0.001414 0.022413 -0.006938 0.039942 -0.009751 0.034591 -0.009149 0.013951 -0.006965 -0.000611 -0.002500 0.002595 0.001390 
0.019135 -0.013322 -0.000141 -0.002035 0.004791 0.010271 0.032403 0.017855 0.048939 0.016021 0.043163 0.014920 0.016034 -0.015051 -0.001301 -0.002759 0.003807 0.010394 0.028705 0.019782 0.053667 0.021516 0.045785 0.019148 
-0.005088 0.000401 -0.028581 -0.010885 -0.086330 -0.021198 -0.130378 -0.021695 -0.060871 -0.009863 -0.013490 -0.006368 -0.004530 0.000381 -0.026635 -0.009899 -0.085491 -0.020754 -0.113535 -0.023108 -0.057949 -0.009832 -0.013699 -0.005840 
-0.000117 -0.000010 0.003419 0.003989 0.009960 0.009070 0.015204 0.012983 0.008882 0.008442 0.002399 0.003802 0.000085 -0.000310 0.003953 0.003774 0.011453 0.009497 0.014648 0.013753 0.010077 0.008622 0.002801 0.003641 
0.009263 0.017955 0.029822 0.026799 0.042133 0.031022 0.031660 0.028301 0.005308 0.011730 -0.001619 -0.001743 0.007104 0.017701 0.028722 0.028222 0.041159 0.034513 0.024927 0.029304 0.003617 0.011186 -0.002314 -0.002273 
-0.009779 -0.061112 0.003309 -0.011936 0.006669 0.009060 -0.002235 0.042784 -0.023801 0.082405 -0.029040 0.095844 -0.011077 -0.054678 0.003136 -0.012345 0.008151 0.008605 -0.000771 0.037388 -0.024131 0.078332 -0.032345 0.091089 
0.039991 -0.142932 0.014483 -0.079806 0.000062 -0.022305 -0.003906 0.001111 0.000642 0.018241 0.016199 0.070248 0.025617 -0.139488 0.010320 -0.077403 -0.002787 -0.022236 -0.005574 -0.000314 -0.002020 0.014624 0.010205 0.065767 
-0.048717 0.058889 -0.024299 0.034371 -0.004859 0.011547 0.002651 0.001697 -0.003758 -0.008261 -0.023309 -0.030717 -0.038717 0.058572 -0.021430 0.032581 -0.004072 0.010131 0.001607 0.001581 -0.003481 -0.007464 -0.020911 -0.029596 
-0.103100 0.180249 -0.050002 0.094761 -0.014477 0.026361 -0.004691 0.002801 -0.009379 -0.017304 -0.040659 -0.080602 -0.075718 0.177243 -0.042660 0.090147 -0.011462 0.024549 -0.003165 0.004524 -0.008720 -0.014673 -0.035990 -0.076153 
-0.038250 0.116412 -0.009321 0.036030 0.003502 0.004051 -0.000045 -0.020589 -0.020470 -0.057128 -0.042868 -0.121574 -0.030486 0.106660 -0.008912 0.032911 0.002283 0.002570 -0.002473 -0.019866 -0.019275 -0.053599 -0.041257 -0.117307 
-0.085553 -0.124847 -0.038108 -0.063302 -0.008227 -0.019190 0.000048 0.002071 -0.012095 0.023548 -0.044063 0.073131 -0.068666 -0.119545 -0.034743 -0.059373 -0.008114 -0.016997 -0.000598 0.001397 -0.011336 0.021188 -0.041645 0.069310 
-0.038989 -0.051147 -0.081730 -0.067237 -0.090097 -0.073055 -0.047518 -0.051086 -0.012413 -0.009837 -0.007188 0.021669 -0.031899 -0.049492 -0.079035 -0.068105 -0.088821 -0.070691 -0.039670 -0.044860 -0.012626 -0.007503 -0.008931 0.023659 
-0.139012 -0.046393 -0.068974 -0.024582 -0.014745 -0.007217 -0.000397 0.000984 -0.021516 0.009166 -0.081914 0.027426 -0.118625 -0.040646 -0.064206 -0.021094 -0.011830 -0.006192 0.000230 0.001053 -0.018427 0.006770 -0.078170 0.022623 
-0.131177 0.044682 -0.057256 0.023847 -0.012697 0.008027 -0.005875 -0.004464 -0.026810 -0.014995 -0.081986 -0.034695 -0.108063 0.054327 -0.053155 0.027200 -0.011093 0.008479 -0.004237 -0.003220 -0.023226 -0.014894 -0.075897 -0.039645 
-0.015294 0.022962 -0.000513 -0.005331 -0.019797 -0.032223 -0.101654 -0.083106 -0.118548 -0.091700 -0.061904 -0.059179 -0.015468 0.017838 0.000920 -0.008349 -0.016909 -0.035047 -0.080389 -0.086826 -0.113199 -0.098939 -0.060773 -0.056486 
-0.001380 0.000236 0.007920 0.000395 0.031886 0.000817 0.053569 0.000888 0.031864 0.001142 0.008626 0.001067 -0.001382 -0.000400 0.007960 0.000197 0.035624 0.001105 0.055491 0.001381 0.036807 0.001253 0.008972 0.001072 
-0.000509 0.026681 0.001775 0.036944 -0.000868 0.033418 -0.005992 0.021020 -0.006723 0.005880 -0.004647 -0.006304 -0.001230 0.025037 0.000636 0.036069 -0.001883 0.032056 -0.005396 0.019385 -0.006525 0.005741 -0.004737 -0.005674 
0.027233 0.005100 0.065792 0.004292 0.089808 0.000189 0.070844 0.005342 0.021511 0.002539 0.005981 -0.003041 0.023648 0.006209 0.069020 0.008565 0.102539 0.008115 0.065810 0.011578 0.023512 0.003264 0.008408 -0.003765 
-0.043815 -0.016523 -0.011988 -0.005474 -0.012999 0.002686 -0.052222 0.010310 -0.086314 0.014678 -0.078313 0.019773 -0.036109 -0.014263 -0.011605 -0.005470 -0.012242 0.002009 -0.042513 0.010388 -0.088360 0.016086 -0.079829 0.019145 
0.044420 0.056356 0.081476 0.074885 0.054801 0.068768 0.007911 0.038016 -0.010261 0.003676 -0.000438 -0.019624 0.033571 0.059357 0.075904 0.084793 0.049887 0.074911 0.005073 0.038044 -0.010646 0.004289 -0.002539 -0.019189 
-0.032731 -0.040936 -0.050954 -0.013360 -0.052765 0.024406 -0.034812 0.059553 -0.005624 0.055621 -0.008521 0.047749 -0.027507 -0.035898 -0.048092 -0.010242 -0.048661 0.023991 -0.027055 0.055583 -0.003508 0.051331 -0.007966 0.043334 
0.023402 0.109461 0.007837 0.062971 -0.002172 0.018348 -0.003196 -0.000391 0.000848 -0.016108 0.009372 -0.054161 0.014461 0.104234 0.004421 0.059260 -0.003341 0.017903 -0.002870 0.001064 -0.000614 -0.014071 0.006299 -0.050608 
-0.022466 0.034489 -0.023597 -0.003845 -0.012158 -0.035287 0.013645 -0.087919 0.024292 -0.100233 0.004978 -0.067247 -0.019936 0.031693 -0.024583 -0.003940 -0.012966 -0.032805 0.007483 -0.079462 0.020183 -0.094387 0.005050 -0.062692 
-0.014449 0.012141 -0.007677 0.007076 -0.002231 0.002141 -0.000191 -0.000778 -0.003136 -0.003430 -0.009260 -0.007860 -0.013717 0.012568 -0.008555 0.007021 -0.002618 0.001910 -0.000426 -0.000629 -0.003524 -0.003097 -0.010199 -0.007826 
-0.001728 -0.003664 0.012686 0.014327 0.057707 0.044052 0.115878 0.074243 0.056462 0.044446 0.011787 0.018326 -0.003050 -0.003487 0.009492 0.014327 0.050033 0.048648 0.091426 0.088291 0.049262 0.050203 0.009255 0.018500 
-0.014216 -0.013152 -0.009327 -0.008619 -0.003486 -0.003759 -0.000372 -0.000885 -0.001838 0.002292 -0.007399 0.007392 -0.013525 -0.013752 -0.010297 -0.008707 -0.003808 -0.003543 -0.000625 -0.000799 -0.002149 0.002089 -0.008205 0.007352 
0.000439 0.000150 -0.002028 -0.003958 -0.007243 -0.009617 -0.012635 -0.015730 -0.008175 -0.011258 -0.002453 -0.004983 0.000031 0.000253 -0.002353 -0.003941 -0.007957 -0.009991 -0.011792 -0.016181 -0.008929 -0.011191 -0.002774 -0.004630 
-0.008213 0.000170 -0.011504 -0.024009 -0.038589 -0.082036 -0.078906 -0.151842 -0.036407 -0.075482 -0.012296 -0.020878 -0.007887 0.001399 -0.010964 -0.020161 -0.033164 -0.073692 -0.058315 -0.141452 -0.031834 -0.069393 -0.011865 -0.019739 
-0.015645 -0.014012 -0.000227 -0.003972 0.001147 0.000800 -0.011079 0.008355 -0.024548 0.015655 -0.027420 0.018436 -0.013949 -0.013746 -0.000397 -0.004026 0.001469 0.000699 -0.009191 0.007894 -0.025786 0.016166 -0.029238 0.019355 
0.005139 0.038322 0.001137 0.018390 -0.000381 0.003092 0.000765 -0.005021 0.003284 -0.012251 0.005454 -0.025802 0.004533 0.036682 0.001432 0.017178 -0.000263 0.002577 0.000589 -0.004824 0.003195 -0.011376 0.005573 -0.024510 
0.020136 -0.050148 0.041265 -0.076531 0.036428 -0.069668 0.013173 -0.039227 -0.003367 -0.008076 -0.000882 0.013303 0.014589 -0.049038 0.035564 -0.079277 0.030585 -0.071592 0.007968 -0.037349 -0.004300 -0.007296 -0.001123 0.013601 
0.051304 -0.040538 0.026569 -0.025235 0.005721 -0.010516 -0.001268 -0.001765 0.006026 0.008548 0.027714 0.024388 0.044055 -0.044491 0.025723 -0.026019 0.004738 -0.009668 -0.001453 -0.000981 0.004709 0.008367 0.025921 0.025346 
0.009985 -0.013211 0.005919 -0.008665 0.002349 -0.004162 0.001002 -0.000791 0.002607 0.003039 0.006517 0.008204 0.009648 -0.013878 0.006783 -0.008993 0.002675 -0.004183 0.001171 -0.000971 0.003109 0.002701 0.007421 0.008410 
0.034731 -0.000071 0.017062 -0.000216 0.002789 0.000252 0.001081 0.000184 0.011175 -0.000852 0.025471 -0.000812 0.035966 -0.000169 0.019417 -0.000125 0.003129 0.000305 0.001334 0.000295 0.012248 -0.000921 0.029902 -0.000999 
0.059076 0.033810 0.036876 0.023452 0.011122 0.011627 -0.003095 0.001985 0.001513 -0.008573 0.025914 -0.021527 0.050156 0.038794 0.035749 0.025624 0.009876 0.011292 -0.002684 0.002320 0.000435 -0.007597 0.023506 -0.022182 
0.053229 -0.073123 0.012963 -0.028486 0.009926 0.000100 0.020958 0.030182 0.044990 0.060489 0.070823 0.082106 0.036605 -0.079782 0.009149 -0.029243 0.008901 0.001650 0.015832 0.031737 0.038969 0.063677 0.060095 0.093780 
-0.058738 0.002850 -0.033438 0.001919 -0.008852 0.000498 -0.000492 0.000534 -0.008966 -0.000506 -0.032191 -0.001928 -0.057118 0.004048 -0.035468 0.001657 -0.008976 0.000234 -0.001162 0.000502 -0.009267 -0.000481 -0.035133 -0.002214 
0.001892 -0.000879 -0.004122 -0.011479 -0.022582 -0.034539 -0.046788 -0.063310 -0.025270 -0.038155 -0.005555 -0.012583 0.002247 -0.000951 -0.003517 -0.010413 -0.020813 -0.033725 -0.038019 -0.064206 -0.024104 -0.037348 -0.004534 -0.011684 
